2019/11/30-05:34:31.297756 7faa3effb700 RocksDB version: 6.2.2
2019/11/30-05:34:31.297936 7faa3effb700 Git sha rocksdb_build_git_sha:
2019/11/30-05:34:31.297951 7faa3effb700 Compile date Aug  3 2019
2019/11/30-05:34:31.297960 7faa3effb700 DB SUMMARY
2019/11/30-05:34:31.298097 7faa3effb700 CURRENT file:  CURRENT
2019/11/30-05:34:31.298109 7faa3effb700 IDENTITY file:  IDENTITY
2019/11/30-05:34:31.298131 7faa3effb700 MANIFEST file:  MANIFEST-000011 size: 185 Bytes
2019/11/30-05:34:31.298147 7faa3effb700 SST files in /home/mbc/projects/lnrocks/data/db-dir1 dir, Total Num: 2, files: 000007.sst 000010.sst 
2019/11/30-05:34:31.298157 7faa3effb700 Write Ahead Log file in /home/mbc/projects/lnrocks/data/db-dir1: 000012.log size: 0 ; 
2019/11/30-05:34:31.298168 7faa3effb700                         Options.error_if_exists: 0
2019/11/30-05:34:31.298175 7faa3effb700                       Options.create_if_missing: 1
2019/11/30-05:34:31.298180 7faa3effb700                         Options.paranoid_checks: 1
2019/11/30-05:34:31.298186 7faa3effb700                                     Options.env: 0x7faa4f5fb3e0
2019/11/30-05:34:31.298192 7faa3effb700                                Options.info_log: 0x7faa08035ac0
2019/11/30-05:34:31.298198 7faa3effb700                Options.max_file_opening_threads: 16
2019/11/30-05:34:31.298204 7faa3effb700                              Options.statistics: (nil)
2019/11/30-05:34:31.298210 7faa3effb700                               Options.use_fsync: 0
2019/11/30-05:34:31.298216 7faa3effb700                       Options.max_log_file_size: 0
2019/11/30-05:34:31.298222 7faa3effb700                  Options.max_manifest_file_size: 1073741824
2019/11/30-05:34:31.298229 7faa3effb700                   Options.log_file_time_to_roll: 0
2019/11/30-05:34:31.298234 7faa3effb700                       Options.keep_log_file_num: 1000
2019/11/30-05:34:31.298241 7faa3effb700                    Options.recycle_log_file_num: 0
2019/11/30-05:34:31.298246 7faa3effb700                         Options.allow_fallocate: 1
2019/11/30-05:34:31.298252 7faa3effb700                        Options.allow_mmap_reads: 0
2019/11/30-05:34:31.298258 7faa3effb700                       Options.allow_mmap_writes: 0
2019/11/30-05:34:31.298264 7faa3effb700                        Options.use_direct_reads: 0
2019/11/30-05:34:31.298269 7faa3effb700                        Options.use_direct_io_for_flush_and_compaction: 0
2019/11/30-05:34:31.298275 7faa3effb700          Options.create_missing_column_families: 0
2019/11/30-05:34:31.298281 7faa3effb700                              Options.db_log_dir: 
2019/11/30-05:34:31.298287 7faa3effb700                                 Options.wal_dir: /home/mbc/projects/lnrocks/data/db-dir1
2019/11/30-05:34:31.298293 7faa3effb700                Options.table_cache_numshardbits: 6
2019/11/30-05:34:31.298298 7faa3effb700                      Options.max_subcompactions: 1
2019/11/30-05:34:31.298305 7faa3effb700                  Options.max_background_flushes: -1
2019/11/30-05:34:31.298311 7faa3effb700                         Options.WAL_ttl_seconds: 0
2019/11/30-05:34:31.298317 7faa3effb700                       Options.WAL_size_limit_MB: 0
2019/11/30-05:34:31.298323 7faa3effb700             Options.manifest_preallocation_size: 4194304
2019/11/30-05:34:31.298329 7faa3effb700                     Options.is_fd_close_on_exec: 1
2019/11/30-05:34:31.298335 7faa3effb700                   Options.advise_random_on_open: 1
2019/11/30-05:34:31.298341 7faa3effb700                    Options.db_write_buffer_size: 0
2019/11/30-05:34:31.298346 7faa3effb700                    Options.write_buffer_manager: 0x7faa08035b20
2019/11/30-05:34:31.298351 7faa3effb700         Options.access_hint_on_compaction_start: 1
2019/11/30-05:34:31.298357 7faa3effb700  Options.new_table_reader_for_compaction_inputs: 0
2019/11/30-05:34:31.298363 7faa3effb700           Options.random_access_max_buffer_size: 1048576
2019/11/30-05:34:31.298369 7faa3effb700                      Options.use_adaptive_mutex: 0
2019/11/30-05:34:31.298375 7faa3effb700                            Options.rate_limiter: (nil)
2019/11/30-05:34:31.298381 7faa3effb700     Options.sst_file_manager.rate_bytes_per_sec: 0
2019/11/30-05:34:31.298440 7faa3effb700                       Options.wal_recovery_mode: 2
2019/11/30-05:34:31.298450 7faa3effb700                  Options.enable_thread_tracking: 0
2019/11/30-05:34:31.298455 7faa3effb700                  Options.enable_pipelined_write: 0
2019/11/30-05:34:31.298462 7faa3effb700         Options.allow_concurrent_memtable_write: 1
2019/11/30-05:34:31.298467 7faa3effb700      Options.enable_write_thread_adaptive_yield: 1
2019/11/30-05:34:31.298472 7faa3effb700             Options.write_thread_max_yield_usec: 100
2019/11/30-05:34:31.298478 7faa3effb700            Options.write_thread_slow_yield_usec: 3
2019/11/30-05:34:31.298484 7faa3effb700                               Options.row_cache: None
2019/11/30-05:34:31.298489 7faa3effb700                              Options.wal_filter: None
2019/11/30-05:34:31.298494 7faa3effb700             Options.avoid_flush_during_recovery: 0
2019/11/30-05:34:31.298500 7faa3effb700             Options.allow_ingest_behind: 0
2019/11/30-05:34:31.298506 7faa3effb700             Options.preserve_deletes: 0
2019/11/30-05:34:31.298512 7faa3effb700             Options.two_write_queues: 0
2019/11/30-05:34:31.298518 7faa3effb700             Options.manual_wal_flush: 0
2019/11/30-05:34:31.298524 7faa3effb700             Options.atomic_flush: 0
2019/11/30-05:34:31.298529 7faa3effb700             Options.avoid_unnecessary_blocking_io: 0
2019/11/30-05:34:31.298536 7faa3effb700             Options.max_background_jobs: 2
2019/11/30-05:34:31.298539 7faa3effb700             Options.max_background_compactions: -1
2019/11/30-05:34:31.298543 7faa3effb700             Options.avoid_flush_during_shutdown: 0
2019/11/30-05:34:31.298546 7faa3effb700           Options.writable_file_max_buffer_size: 1048576
2019/11/30-05:34:31.298549 7faa3effb700             Options.delayed_write_rate : 16777216
2019/11/30-05:34:31.298552 7faa3effb700             Options.max_total_wal_size: 0
2019/11/30-05:34:31.298555 7faa3effb700             Options.delete_obsolete_files_period_micros: 21600000000
2019/11/30-05:34:31.298558 7faa3effb700                   Options.stats_dump_period_sec: 600
2019/11/30-05:34:31.298561 7faa3effb700                 Options.stats_persist_period_sec: 600
2019/11/30-05:34:31.298564 7faa3effb700                 Options.stats_history_buffer_size: 1048576
2019/11/30-05:34:31.298567 7faa3effb700                          Options.max_open_files: -1
2019/11/30-05:34:31.298570 7faa3effb700                          Options.bytes_per_sync: 0
2019/11/30-05:34:31.298573 7faa3effb700                      Options.wal_bytes_per_sync: 0
2019/11/30-05:34:31.298576 7faa3effb700                   Options.strict_bytes_per_sync: 0
2019/11/30-05:34:31.298579 7faa3effb700       Options.compaction_readahead_size: 0
2019/11/30-05:34:31.298582 7faa3effb700 Compression algorithms supported:
2019/11/30-05:34:31.298586 7faa3effb700 	kZSTDNotFinalCompression supported: 1
2019/11/30-05:34:31.298590 7faa3effb700 	kZSTD supported: 1
2019/11/30-05:34:31.298594 7faa3effb700 	kXpressCompression supported: 0
2019/11/30-05:34:31.298597 7faa3effb700 	kLZ4HCCompression supported: 1
2019/11/30-05:34:31.298601 7faa3effb700 	kLZ4Compression supported: 1
2019/11/30-05:34:31.298604 7faa3effb700 	kBZip2Compression supported: 1
2019/11/30-05:34:31.298607 7faa3effb700 	kZlibCompression supported: 1
2019/11/30-05:34:31.298610 7faa3effb700 	kSnappyCompression supported: 1
2019/11/30-05:34:31.298619 7faa3effb700 Fast CRC32 supported: Not supported on x86
2019/11/30-05:34:31.298737 7faa3effb700 [/db_impl.cc:392] Shutdown: canceling all background work
2019/11/30-05:34:31.298816 7faa3effb700 [/db_impl.cc:565] Shutdown complete
